recorded  scores
5 block
--------------
3to4 - 250 47 60 240 100 51 34 54 52 71
high: 250
avg: 95.9

3 - 70 416 216 289 267 221 236 166 13 126
high: 416
avg: 202

original - 58 108 99 211 152 296 87 130 166 266
10
high: 296
avg: 157.3

--------
3 block
-------

3to4.93| 77 89 96 95 63 101 75 127 75 88     
10/10
high: 127
avg: 88.6

3.93| 118 114 110 128 61 77 119 173 59 129
10/10
high: 173
avg: 108.8

sample| 77 110 125 28 115 38 71 132 167 112
10/10
high: 167
avg: 97.5

-------
4 block
-------

3to4.93| 104 117 118 59 116 69 39 135 114 138
10/10
high: 138
avg: 100.9

3.93| 109 92 127 130 109 125 121 157 91 72
10/10
high: 130
avg: 113.3

sample| 208 95 188 69 92 51 113 66 105 123
10/10
high: 208
avg: 111.0

-------
3 and 4 block
-------

3to4.93| 72 51 56 184 41 | 28 51 12 97    
0/10
high: 184
avg: 65.78

3.93| 35 22 60 84 123
0/10
high: 123 
avg:  64.8

sample| 12 105 122 32 119 
00/10
high: 122
avg: 78.0